1000.0 141.640322506457 [-4.4408921e-16]
1100.0 117.715660680671 [-4.4408921e-16]
1200.0 96.4045418309945 [-4.4408921e-16]
1300.0 77.7069659578916 [-4.4408921e-16]
1400.0 61.6229330616568 [-4.4408921e-16]
1500.0 48.1524431424825 [-4.4408921e-16]
1600.0 74.3675212763757 [-4.4408921e-16]
1700.0 49.2158712644208 [-4.4408921e-16]
1800.0 31.6889359673226 [-4.4408921e-16]
1900.0 21.7867153852116 [-4.4408921e-16]
2000.0 19.35025845103798 [0.1405822]
2100.0 19.426163687629735 [0.16359929]
2200.0 19.578284424114965 [0.1837109]
2300.0 19.389915954894605 [0.28748669]
2400.0 20.07865417127576 [0.19474822]
2500.0 20.3940554193241 [-4.4408921e-16]
2600.0 20.4050855078346 [-4.4408921e-16]
2700.0 20.4161731131785 [-4.4408921e-16]
2800.0 20.4314396710423 [-4.4408921e-16]
2900.0 20.4409016184778 [-4.4408921e-16]
3000.0 20.4503991227881 [-4.4408921e-16]
3100.0 20.4510135161016 [-4.4408921e-16]
3200.0 20.4516280576219 [-4.4408921e-16]
3300.0 20.4526341472463 [-4.4408921e-16]
3400.0 20.4530850025326 [-4.4408921e-16]
3500.0 20.4535359444793 [-4.4408921e-16]
3600.0 20.4535679949877 [-4.4408921e-16]
3700.0 20.4536000459337 [-4.4408921e-16]
3800.0 20.4536525125376 [-4.4408921e-16]
3900.0 20.4536761787699 [-4.4408921e-16]
4000.0 20.4536998452522 [-4.4408921e-16]
4100.0 20.4537017382777 [-4.4408921e-16]
4200.0 20.4537036313048 [-4.4408921e-16]
4300.0 20.4537060719285 [-4.4408921e-16]
4400.0 20.4537077398323 [-4.4408921e-16]
4500.0 20.4537094077372 [-4.4408921e-16]
4600.0 20.4537095432712 [-4.4408921e-16]
4700.0 20.4537096788053 [-4.4408921e-16]
4800.0 20.4537098307559 [-4.4408921e-16]
4900.0 20.4537099592169 [-4.4408921e-16]
5000.0 20.4537100876779 [-4.4408921e-16]
5000.0 20.4537100876779 [-4.4408921e-16]
1500.0 48.1524431424825 [-4.4408921e-16]
1000.0 141.640322506457 [-4.4408921e-16]
1100.0 96.4045418298783 [-4.4408921e-16]
1200.0 61.6229330607821 [-4.4408921e-16]
1300.0 50.9343783415606 [-4.4408921e-16]
1400.0 26.1344287985725 [-4.4408921e-16]
1500.0 19.503404390697447 [0.16998713]
1600.0 19.58185580731244 [0.19248047]
1700.0 19.728699002320372 [0.21376462]
1800.0 19.8529274512768 [0.17536459]
1900.0 20.1471079543868 [-4.4408921e-16]
2000.0 20.3838086758799 [-4.4408921e-16]
2100.0 20.3967053053673 [-4.4408921e-16]
2200.0 20.4096822438164 [-4.4408921e-16]
2300.0 20.4273182353561 [-4.4408921e-16]
2400.0 20.4385208743672 [-4.4408921e-16]
2500.0 20.4497810302118 [-4.4408921e-16]
2600.0 20.4505099772825 [-4.4408921e-16]
2700.0 20.4512391640927 [-4.4408921e-16]
2800.0 20.4522427473491 [-4.4408921e-16]
2900.0 20.4528575852831 [-4.4408921e-16]
3000.0 20.4534725714241 [-4.4408921e-16]
3100.0 20.4535162824469 [-4.4408921e-16]
3200.0 20.4535599942181 [-4.4408921e-16]
3300.0 20.4536320973175 [-4.4408921e-16]
3400.0 20.4536641491389 [-4.4408921e-16]
3500.0 20.453696201398 [-4.4408921e-16]
3600.0 20.4536987651861 [-4.4408921e-16]
3700.0 20.453701328977 [-4.4408921e-16]
3800.0 20.4537055243336 [-4.4408921e-16]
3900.0 20.4537074173639 [-4.4408921e-16]
4000.0 20.4537093103958 [-4.4408921e-16]
4100.0 20.4537094642237 [-4.4408921e-16]
4200.0 20.4537096180516 [-4.4408921e-16]
4300.0 20.4537098143394 [-4.4408921e-16]
4400.0 20.4537099498734 [-4.4408921e-16]
4500.0 20.4537100854075 [-4.4408921e-16]
4600.0 20.4537100938345 [-4.4408921e-16]
4700.0 20.4537101022614 [-4.4408921e-16]
4800.0 20.4537101116394 [-4.4408921e-16]
4900.0 20.4537101196266 [-4.4408921e-16]
5000.0 20.4537101276138 [-4.4408921e-16]
1000.0 141.640322506457 [-4.4408921e-16]
1100.0 96.4045418298783 [-4.4408921e-16]
1200.0 61.6229330607821 [-4.4408921e-16]
1300.0 50.9343783415606 [-4.4408921e-16]
1400.0 26.1344287985725 [-4.4408921e-16]
1500.0 19.503404391576 [0.16998541]
1600.0 19.581855807243347 [0.19248322]
1700.0 19.72869900300967 [0.21376953]
1800.0 19.852927450238244 [0.17535522]
1900.0 20.1471079543868 [-4.4408921e-16]
2000.0 20.3838086758799 [-4.4408921e-16]
2100.0 20.3967053053673 [-4.4408921e-16]
2200.0 20.4096822438164 [-4.4408921e-16]
2300.0 20.4273182353561 [-4.4408921e-16]
2400.0 20.4385208743672 [-4.4408921e-16]
2500.0 20.4497810302118 [-4.4408921e-16]
2600.0 20.4505099772825 [-4.4408921e-16]
2700.0 20.4512391640927 [-4.4408921e-16]
2800.0 20.4522427473491 [-4.4408921e-16]
2900.0 20.4528575852831 [-4.4408921e-16]
3000.0 20.4534725714241 [-4.4408921e-16]
3100.0 20.4535162824469 [-4.4408921e-16]
3200.0 20.4535599942181 [-4.4408921e-16]
3300.0 20.4536320973175 [-4.4408921e-16]
3400.0 20.4536641491389 [-4.4408921e-16]
3500.0 20.453696201398 [-4.4408921e-16]
3600.0 20.4536987651861 [-4.4408921e-16]
3700.0 20.453701328977 [-4.4408921e-16]
3800.0 20.4537055243336 [-4.4408921e-16]
3900.0 20.4537074173639 [-4.4408921e-16]
4000.0 20.4537093103958 [-4.4408921e-16]
4100.0 20.4537094642237 [-4.4408921e-16]
4200.0 20.4537096180516 [-4.4408921e-16]
4300.0 20.4537098143394 [-4.4408921e-16]
4400.0 20.4537099498734 [-4.4408921e-16]
4500.0 20.4537100854075 [-4.4408921e-16]
4600.0 20.4537100938345 [-4.4408921e-16]
4700.0 20.4537101022614 [-4.4408921e-16]
4800.0 20.4537101116394 [-4.4408921e-16]
4900.0 20.4537101196266 [-4.4408921e-16]
5000.0 20.4537101276138 [-4.4408921e-16]
2000.0 19.84277826984224 [0.21924289]
1000.0 141.640322506457 [-4.4408921e-16]
1100.0 96.4045418298783 [-4.4408921e-16]
1200.0 61.6229330607821 [-4.4408921e-16]
1300.0 50.9343783415606 [-4.4408921e-16]
1400.0 26.1344287985725 [-4.4408921e-16]
1500.0 19.50340438974595 [0.16999703]
1600.0 19.58185580731244 [0.19248047]
1700.0 19.72869900236309 [0.21376227]
1800.0 19.654699037122512 [0.28168747]
1900.0 20.18201036924667 [-0.13792006]
2000.0 20.3987225196162 [-4.4408921e-16]
2100.0 20.4088921845882 [-4.4408921e-16]
2200.0 20.4191137082293 [-4.4408921e-16]
2300.0 20.4273182353561 [-4.4408921e-16]
2400.0 20.4385208743672 [-4.4408921e-16]
2500.0 20.4497810302118 [-4.4408921e-16]
2600.0 20.4505099772825 [-4.4408921e-16]
2700.0 20.4512391640927 [-4.4408921e-16]
2800.0 20.4522427473491 [-4.4408921e-16]
2900.0 20.4528575852831 [-4.4408921e-16]
3000.0 20.4534725714241 [-4.4408921e-16]
3100.0 20.4535162824469 [-4.4408921e-16]
3200.0 20.4535599942181 [-4.4408921e-16]
3300.0 20.4536320973175 [-4.4408921e-16]
3400.0 20.4536641491389 [-4.4408921e-16]
3500.0 20.453696201398 [-4.4408921e-16]
3600.0 20.4536987651861 [-4.4408921e-16]
3700.0 20.453701328977 [-4.4408921e-16]
3800.0 20.4537055243336 [-4.4408921e-16]
3900.0 20.4537074173639 [-4.4408921e-16]
4000.0 20.4537093103958 [-4.4408921e-16]
4100.0 20.4537094642237 [-4.4408921e-16]
4200.0 20.4537096180516 [-4.4408921e-16]
4300.0 20.4537098143394 [-4.4408921e-16]
4400.0 20.4537099498734 [-4.4408921e-16]
4500.0 20.4537100854075 [-4.4408921e-16]
4600.0 20.4537100938345 [-4.4408921e-16]
4700.0 20.4537101022614 [-4.4408921e-16]
4800.0 20.4537101116394 [-4.4408921e-16]
4900.0 20.4537101196266 [-4.4408921e-16]
5000.0 20.4537101276138 [-4.4408921e-16]
2000.0 9.683588641608 [-4.4408921e-16]
3500.0 7.2842031018214835 [0.36968215]
4500.0 7.333502342898226 [0.4398555]
1000.0 427.653220206963 [-4.4408921e-16]
1100.0 287.386745984934 [-4.4408921e-16]
1200.0 175.484598777493 [-4.4408921e-16]
1300.0 290.112763133435 [-4.4408921e-16]
1400.0 96.2296168491301 [-4.4408921e-16]
1500.0 11.7114091211348 [-4.4408921e-16]
1600.0 10.8171884964611 [-4.4408921e-16]
1700.0 10.0337577800474 [-4.4408921e-16]
1800.0 9.29470489318749 [-4.4408921e-16]
1900.0 8.65760473142914 [0.10857135]
2000.0 7.694416774910719 [0.22722008]
2100.0 7.624245324734167 [0.24146545]
2200.0 7.545597905990002 [0.25808533]
2300.0 7.462268169686594 [0.26186693]
2400.0 7.382713879169722 [0.28133674]
2500.0 7.30759368057953 [0.30098712]
2600.0 7.30328698397173 [0.310329]
2700.0 7.297672566955164 [0.32066965]
2800.0 7.294011216375057 [0.32086415]
2900.0 7.289212672514376 [0.33231567]
3000.0 7.283479320688746 [0.34466158]
3100.0 7.284005335564148 [0.35409098]
3200.0 7.284235100457597 [0.36426408]
3300.0 7.305960494471735 [0.35865598]
3400.0 7.305870284981182 [0.37002892]
3500.0 7.3053546028328675 [0.38234436]
3600.0 7.3058286626168005 [0.39165381]
3700.0 7.306178499540245 [0.40157404]
3800.0 7.333010808062387 [0.39306641]
3900.0 7.333080928332879 [0.40392211]
4000.0 7.332945941680474 [0.41556367]
4100.0 7.333226213982245 [0.42483777]
4200.0 7.33343413156386 [0.43470306]
4300.0 7.289546534324668 [0.57369327]
4400.0 7.288804335463421 [0.58850173]
4500.0 7.286320888280844 [0.60521812]
4600.0 7.287452945068562 [0.61635534]
4700.0 7.287887840821863 [0.62847241]
4800.0 7.672616189752413 [0.58522776]
4900.0 7.669635443748448 [0.59963529]
5000.0 7.663907047081726 [0.61660156]
4000.0 20.4538659848589 [-4.4408921e-16]
3000.0 7.93078509895231 [6.72628507e-01 1.08704304e-05]
3000.0 8.22639658760351 [4.78803004e-01 7.11306266e-06]
